%YAML:1.0
aruco_bc_nmarkers: 6
aruco_bc_mInfoType: 0
aruco_bc_markers:
   - { id:36, corners:[ [ -476., -308., 0. ], [ -196., -308., 0. ], [
       -196., -28., 0. ], [ -476., -28., 0. ] ] }
   - { id:37, corners:[ [ -140., -308., 0. ], [ 140., -308., 0. ], [
       140., -28., 0. ], [ -140., -28., 0. ] ] }
   - { id:38, corners:[ [ 196., -308., 0. ], [ 476., -308., 0. ], [ 476.,
       -28., 0. ], [ 196., -28., 0. ] ] }
   - { id:39, corners:[ [ -476., 28., 0. ], [ -196., 28., 0. ], [ -196.,
       308., 0. ], [ -476., 308., 0. ] ] }
   - { id:40, corners:[ [ -140., 28., 0. ], [ 140., 28., 0. ], [ 140.,
       308., 0. ], [ -140., 308., 0. ] ] }
   - { id:41, corners:[ [ 196., 28., 0. ], [ 476., 28., 0. ], [ 476.,
       308., 0. ], [ 196., 308., 0. ] ] }
