%YAML:1.0
aruco_bc_nmarkers: 6
aruco_bc_mInfoType: 0
aruco_bc_markers:
   - { id:12, corners:[ [ -476., -308., 0. ], [ -196., -308., 0. ], [
       -196., -28., 0. ], [ -476., -28., 0. ] ] }
   - { id:13, corners:[ [ -140., -308., 0. ], [ 140., -308., 0. ], [
       140., -28., 0. ], [ -140., -28., 0. ] ] }
   - { id:14, corners:[ [ 196., -308., 0. ], [ 476., -308., 0. ], [ 476.,
       -28., 0. ], [ 196., -28., 0. ] ] }
   - { id:15, corners:[ [ -476., 28., 0. ], [ -196., 28., 0. ], [ -196.,
       308., 0. ], [ -476., 308., 0. ] ] }
   - { id:16, corners:[ [ -140., 28., 0. ], [ 140., 28., 0. ], [ 140.,
       308., 0. ], [ -140., 308., 0. ] ] }
   - { id:17, corners:[ [ 196., 28., 0. ], [ 476., 28., 0. ], [ 476.,
       308., 0. ], [ 196., 308., 0. ] ] }
