%YAML:1.0
aruco_bc_nmarkers: 6
aruco_bc_mInfoType: 0
aruco_bc_markers:
   - { id:54, corners:[ [ -476., -308., 0. ], [ -196., -308., 0. ], [
       -196., -28., 0. ], [ -476., -28., 0. ] ] }
   - { id:55, corners:[ [ -140., -308., 0. ], [ 140., -308., 0. ], [
       140., -28., 0. ], [ -140., -28., 0. ] ] }
   - { id:56, corners:[ [ 196., -308., 0. ], [ 476., -308., 0. ], [ 476.,
       -28., 0. ], [ 196., -28., 0. ] ] }
   - { id:57, corners:[ [ -476., 28., 0. ], [ -196., 28., 0. ], [ -196.,
       308., 0. ], [ -476., 308., 0. ] ] }
   - { id:58, corners:[ [ -140., 28., 0. ], [ 140., 28., 0. ], [ 140.,
       308., 0. ], [ -140., 308., 0. ] ] }
   - { id:59, corners:[ [ 196., 28., 0. ], [ 476., 28., 0. ], [ 476.,
       308., 0. ], [ 196., 308., 0. ] ] }
